%YAML:1.0
---
fx: 1000.
fy: 1000.
cx: 640.
cy: 360.
distortion: !!opencv-matrix
   rows: 0
   cols: 0
   dt: u
   data: []
capture_cnt: 30
image_size: [ 1280, 720 ]
pattern_shape: [ 4, 15 ]
square_size: 3.5000000000000003e-02
metric_pattern_points: [ 0., 0., 0., 3.50000001e-02, 0., 0.,
    7.00000003e-02, 0., 0., 1.04999997e-01, 0., 0., 1.75000001e-02,
    1.75000001e-02, 0., 5.24999984e-02, 1.75000001e-02, 0.,
    8.74999985e-02, 1.75000001e-02, 0., 1.22500002e-01, 1.75000001e-02,
    0., 0., 3.50000001e-02, 0., 3.50000001e-02, 3.50000001e-02, 0.,
    7.00000003e-02, 3.50000001e-02, 0., 1.04999997e-01, 3.50000001e-02,
    0., 1.75000001e-02, 5.24999984e-02, 0., 5.24999984e-02,
    5.24999984e-02, 0., 8.74999985e-02, 5.24999984e-02, 0.,
    1.22500002e-01, 5.24999984e-02, 0., 0., 7.00000003e-02, 0.,
    3.50000001e-02, 7.00000003e-02, 0., 7.00000003e-02, 7.00000003e-02,
    0., 1.04999997e-01, 7.00000003e-02, 0., 1.75000001e-02,
    8.74999985e-02, 0., 5.24999984e-02, 8.74999985e-02, 0.,
    8.74999985e-02, 8.74999985e-02, 0., 1.22500002e-01, 8.74999985e-02,
    0., 0., 1.04999997e-01, 0., 3.50000001e-02, 1.04999997e-01, 0.,
    7.00000003e-02, 1.04999997e-01, 0., 1.04999997e-01, 1.04999997e-01,
    0., 1.75000001e-02, 1.22500002e-01, 0., 5.24999984e-02,
    1.22500002e-01, 0., 8.74999985e-02, 1.22500002e-01, 0.,
    1.22500002e-01, 1.22500002e-01, 0., 0., 1.40000001e-01, 0.,
    3.50000001e-02, 1.40000001e-01, 0., 7.00000003e-02, 1.40000001e-01,
    0., 1.04999997e-01, 1.40000001e-01, 0., 1.75000001e-02,
    1.57499999e-01, 0., 5.24999984e-02, 1.57499999e-01, 0.,
    8.74999985e-02, 1.57499999e-01, 0., 1.22500002e-01, 1.57499999e-01,
    0., 0., 1.74999997e-01, 0., 3.50000001e-02, 1.74999997e-01, 0.,
    7.00000003e-02, 1.74999997e-01, 0., 1.04999997e-01, 1.74999997e-01,
    0., 1.75000001e-02, 1.92499995e-01, 0., 5.24999984e-02,
    1.92499995e-01, 0., 8.74999985e-02, 1.92499995e-01, 0.,
    1.22500002e-01, 1.92499995e-01, 0., 0., 2.09999993e-01, 0.,
    3.50000001e-02, 2.09999993e-01, 0., 7.00000003e-02, 2.09999993e-01,
    0., 1.04999997e-01, 2.09999993e-01, 0., 1.75000001e-02,
    2.27500007e-01, 0., 5.24999984e-02, 2.27500007e-01, 0.,
    8.74999985e-02, 2.27500007e-01, 0., 1.22500002e-01, 2.27500007e-01,
    0., 0., 2.45000005e-01, 0., 3.50000001e-02, 2.45000005e-01, 0.,
    7.00000003e-02, 2.45000005e-01, 0., 1.04999997e-01, 2.45000005e-01,
    0. ]
image_0_rvec: !!opencv-matrix
   rows: 3
   cols: 1
   dt: d
   data: [ -1.6477724428511098e-01, 2.6822959481190400e-01,
       1.2611071240441443e+00 ]
image_0_tvec: !!opencv-matrix
   rows: 3
   cols: 1
   dt: d
   data: [ 2.1587982318172216e-02, -9.0411792551359227e-03,
       5.7732255485715478e-01 ]
image_0_image_points: [ 6.77393250e+02, 3.44339478e+02, 6.95303894e+02,
    4.00561676e+02, 7.13864685e+02, 4.58824829e+02, 7.33111694e+02,
    5.19242065e+02, 6.57083862e+02, 3.81325867e+02, 6.74776794e+02,
    4.38675293e+02, 6.93117310e+02, 4.98124023e+02, 7.12141724e+02,
    5.59789429e+02, 6.19588928e+02, 3.62454926e+02, 6.36443604e+02,
    4.18914825e+02, 6.53909180e+02, 4.77421112e+02, 6.72019470e+02,
    5.38087097e+02, 5.98843445e+02, 3.99532227e+02, 6.15464294e+02,
    4.57121216e+02, 6.32692505e+02, 5.16814941e+02, 6.50562195e+02,
    5.78731018e+02, 5.61955566e+02, 3.80516815e+02, 5.77760559e+02,
    4.37212677e+02, 5.94137512e+02, 4.95960358e+02, 6.11118042e+02,
    5.56873291e+02, 5.40776794e+02, 4.17684296e+02, 5.56331848e+02,
    4.75511108e+02, 5.72454590e+02, 5.35448120e+02, 5.89176575e+02,
    5.97612976e+02, 5.04492554e+02, 3.98525299e+02, 5.19253967e+02,
    4.55455505e+02, 5.34548828e+02, 5.14442871e+02, 5.50406494e+02,
    5.75600891e+02, 4.82883057e+02, 4.35782318e+02, 4.97378723e+02,
    4.93845276e+02, 5.12402588e+02, 5.54023743e+02, 5.27983948e+02,
    6.16435608e+02, 4.47199036e+02, 4.16480652e+02, 4.60923096e+02,
    4.73643585e+02, 4.75142303e+02, 5.32868896e+02, 4.89883942e+02,
    5.94270203e+02, 4.25161499e+02, 4.53826477e+02, 4.38604065e+02,
    5.12123901e+02, 4.52535645e+02, 5.72542175e+02, 4.66983459e+02,
    6.35199097e+02, 3.90074341e+02, 4.34383118e+02, 4.02767090e+02,
    4.91777100e+02, 4.15917084e+02, 5.51238647e+02, 4.29549500e+02,
    6.12881470e+02, 3.67611389e+02, 4.71817078e+02, 3.80007050e+02,
    5.30347290e+02, 3.92852997e+02, 5.91003540e+02, 4.06174164e+02,
    6.53903809e+02, 3.33117676e+02, 4.52232941e+02, 3.44785187e+02,
    5.09856354e+02, 3.56872375e+02, 5.69552429e+02, 3.69402313e+02,
    6.31434998e+02, 3.10231873e+02, 4.89754333e+02, 3.21586884e+02,
    5.48515686e+02, 3.33353699e+02, 6.09408203e+02, 3.45555176e+02,
    6.72549927e+02, 2.76328308e+02, 4.70030304e+02, 2.86976593e+02,
    5.27881531e+02, 2.98007324e+02, 5.87810486e+02, 3.09441437e+02,
    6.49931030e+02 ]
image_1_rvec: !!opencv-matrix
   rows: 3
   cols: 1
   dt: d
   data: [ -1.3521552720815666e-01, 1.3400910195615512e-02,
       2.1378986427271269e+00 ]
image_1_tvec: !!opencv-matrix
   rows: 3
   cols: 1
   dt: d
   data: [ 1.6647802720148031e-01, 5.4284691183960398e-02,
       6.3037815765960992e-01 ]
image_1_image_points: [ 9.04092285e+02, 4.46114471e+02, 8.75744751e+02,
    4.93446533e+02, 8.47071350e+02, 5.41322571e+02, 8.18066528e+02,
    5.89752014e+02, 8.66846252e+02, 4.54772858e+02, 8.38169128e+02,
    5.02348022e+02, 8.09161072e+02, 5.50472229e+02, 7.79816284e+02,
    5.99155029e+02, 8.57976990e+02, 4.16225830e+02, 8.29296265e+02,
    4.63501862e+02, 8.00285156e+02, 5.11322571e+02, 7.70937805e+02,
    5.59697449e+02, 8.20452576e+02, 4.24783447e+02, 7.91438538e+02,
    4.72302399e+02, 7.62088928e+02, 5.20371094e+02, 7.32397705e+02,
    5.68999084e+02, 8.11637878e+02, 3.86192169e+02, 7.82621216e+02,
    4.33411102e+02, 7.53269348e+02, 4.81175354e+02, 7.23576538e+02,
    5.29494507e+02, 7.73832886e+02, 3.94647980e+02, 7.44479065e+02,
    4.42109619e+02, 7.14784790e+02, 4.90121643e+02, 6.84744141e+02,
    5.38693726e+02, 7.65073547e+02, 3.56012451e+02, 7.35717834e+02,
    4.03173157e+02, 7.06022339e+02, 4.50879883e+02, 6.75980957e+02,
    4.99142120e+02, 7.26985596e+02, 3.64365387e+02, 6.97288940e+02,
    4.11768524e+02, 6.67247070e+02, 4.59722778e+02, 6.36853821e+02,
    5.08237762e+02, 7.18282166e+02, 3.25685669e+02, 6.88584595e+02,
    3.72786987e+02, 6.58542297e+02, 4.20434967e+02, 6.28149292e+02,
    4.68639221e+02, 6.79908997e+02, 3.33934570e+02, 6.49866516e+02,
    3.81278107e+02, 6.19473938e+02, 4.29173370e+02, 5.88725037e+02,
    4.77630127e+02, 6.71262146e+02, 2.95210663e+02, 6.41219666e+02,
    3.42251465e+02, 6.10827576e+02, 3.89839600e+02, 5.80079834e+02,
    4.37984650e+02, 6.32601440e+02, 3.03354462e+02, 6.02210083e+02,
    3.50637177e+02, 5.71463684e+02, 3.98472351e+02, 5.40355896e+02,
    4.46869690e+02, 6.24011841e+02, 2.64586395e+02, 5.93621338e+02,
    3.11565521e+02, 5.62876404e+02, 3.59092590e+02, 5.31770752e+02,
    4.07177277e+02, 5.85061218e+02, 2.72623901e+02, 5.54317871e+02,
    3.19844696e+02, 5.23214478e+02, 3.67618530e+02, 4.91744598e+02,
    4.15955231e+02, 5.76529480e+02, 2.33811737e+02, 5.45787964e+02,
    2.80727997e+02, 5.14687012e+02, 3.28192841e+02, 4.83220215e+02,
    3.76215942e+02 ]
image_2_rvec: !!opencv-matrix
   rows: 3
   cols: 1
   dt: d
   data: [ -3.5839744464419665e-01, 1.0696887625705864e-01,
       9.2119074311162852e-01 ]
image_2_tvec: !!opencv-matrix
   rows: 3
   cols: 1
   dt: d
   data: [ -1.0284529174810522e-01, -1.4510736928559254e-01,
       6.8250605253619434e-01 ]
