%YAML:1.0
---
with_distortion: 0
observation_cnt: 25
initial_error: 1.5949810022488239e-01
optimized_error: 1.6041521131852640e-01
K: !!opencv-matrix
   rows: 3
   cols: 3
   dt: d
   data: [ 9.9825209440114554e+02, 0., 6.4007291530480870e+02, 0.,
       9.9834208102774733e+02, 3.5825846217491630e+02, 0., 0., 1. ]
