%YAML:1.0
---
with_distortion: 1
observation_cnt: 21
distortion_coeffs: !!opencv-matrix
   rows: 1
   cols: 5
   dt: d
   data: [ 1.4792279882977999e-01, -3.1458927491643707e-01,
       8.5825988658496516e-04, 8.8622163031169755e-04,
       1.9647341853315556e-01 ]
initial_error: 2.2188617927876111e+00
optimized_error: 1.7728371728059886e-01
K: !!opencv-matrix
   rows: 3
   cols: 3
   dt: d
   data: [ 1.1298323799724142e+03, 0., 9.5430114941355293e+02, 0.,
       1.1302272516928106e+03, 5.1368950726988498e+02, 0., 0., 1. ]
